Max Delay,Max Target Delay,Max Merge Delay,Min Delay,Min Target Delay,Min Merge Delay,Average Delay,Average Target Delay,Average Merge Delay,Std Dev Delay,Std Dev Target Delay,Std Dev Merge Delay,Throughput,Throughput Target,Throughput Merge,Completed Vehicles,Completed Target Vehicles,Completed Merge Vehicles
6.699999999980246,6.000000000011209,6.699999999980246,0.0,0.0,0.0599999999999099,1.4443627450924383,0.4076190476189013,2.339086757980558,1.6343055087266136,1.1284437674767203,1.4659281308115075,0.4016617771567215,0.1865340202523813,0.21559786567971082,408.0,189.0,219.0

VIN,Starting Road,Vehicle Spec,Start Time,Finish Time,Delay,Final Velocity,Max Velocity,Min Velocity,Final X Position,Final Y Position
151529,TARGET_ROAD,COUPE,0.34,15.719999999999754,0.0,20.0,20.0,20.0,308.3999999999996,42.0
151530,TARGET_ROAD,SEDAN,5.019999999999981,20.459999999999653,0.0,20.0,20.0,20.0,309.5999999999995,42.0
151531,MERGING_ROAD,SUV,5.359999999999974,22.9999999999996,2.3399999999998613,20.0,20.0,2.1365999999999996,309.7541221340483,41.99992136173067
151532,MERGING_ROAD,SEDAN,7.179999999999935,25.959999999999535,3.4999999999998366,20.0,20.0,0.0,309.64727883882165,41.999928116826275
151533,TARGET_ROAD,COUPE,9.499999999999886,26.479999999999524,1.599999999999877,20.0,20.0,7.489999999999998,308.60119999999847,42.0
151534,MERGING_ROAD,VAN,13.11999999999981,28.47999999999948,0.0599999999999099,20.0,20.0,19.84375000000002,309.69986109960996,41.999929866829234
151535,TARGET_ROAD,SUV,14.49999999999978,29.93999999999945,0.0,20.0,20.0,20.0,309.5999999999995,42.0
151536,MERGING_ROAD,VAN,16.559999999999736,31.939999999999408,0.07999999999990948,20.0,20.0,19.84375000000002,309.69986109960996,41.999929866829234
151537,TARGET_ROAD,VAN,17.73999999999971,33.19999999999959,1.2079226507921703E-13,20.0,20.0,20.0,309.9999999999995,42.0
151538,MERGING_ROAD,SUV,18.539999999999694,33.939999999999706,0.10000000000025011,20.0,20.0,19.84375000000004,309.7577417823211,41.9999139607021
151539,MERGING_ROAD,SUV,20.53999999999965,35.94000000000002,0.10000000000060538,20.0,20.0,19.84375000000004,309.7577417823211,41.9999139607021
151540,TARGET_ROAD,SUV,20.859999999999644,37.04000000000019,0.7400000000007871,20.0,20.0,9.9366,309.5090037180144,42.0
151541,MERGING_ROAD,SUV,22.9399999999996,38.3600000000004,0.12000000000103483,20.0,20.0,19.84375000000004,309.7577417823211,41.9999139607021
151542,TARGET_ROAD,COUPE,33.31999999999961,48.700000000002014,2.6432189770275727E-12,20.0,20.0,20.0,308.3999999999996,42.0
151543,MERGING_ROAD,VAN,36.00000000000003,51.44000000000244,0.1400000000026509,20.0,20.0,19.84375000000002,309.69986109960985,41.999929866829234
151544,TARGET_ROAD,VAN,39.10000000000051,54.56000000000293,2.6574298317427747E-12,20.0,20.0,20.0,309.9999999999995,42.0
151545,MERGING_ROAD,SUV,39.0000000000005,57.62000000000341,3.320000000003148,20.0,20.0,0.0,309.63891708895704,41.99993393395673
151546,TARGET_ROAD,COUPE,41.08000000000082,58.360000000003524,1.9000000000029402,20.0,20.0,3.2599999999999985,308.5045999999987,42.0
151547,MERGING_ROAD,VAN,41.12000000000083,61.30000000000398,4.880000000003392,20.0,20.0,0.0,309.68658334973736,41.999942123468784
151548,TARGET_ROAD,SUV,43.06000000000113,62.36000000000415,3.8600000000032573,20.0,20.0,0.0,309.58021093117327,42.0
151549,MERGING_ROAD,COUPE,43.38000000000118,64.18000000000437,5.5600000000034235,20.0,20.0,0.0,308.448157501037,41.99993807958488
151550,TARGET_ROAD,SUV,46.0600000000016,66.00000000000401,4.500000000002647,20.0,20.0,0.0,309.58027010809633,42.0
151551,MERGING_ROAD,COUPE,46.38000000000165,67.82000000000365,6.20000000000223,20.0,20.0,0.0,308.44765383219016,41.999938064007246
151552,TARGET_ROAD,VAN,49.40000000000212,70.28000000000316,5.420000000001274,20.0,20.0,0.0,309.6649330276004,42.0
151553,MERGING_ROAD,SEDAN,51.080000000002386,72.66000000000268,6.300000000000534,20.0,20.0,0.0,309.47044138858274,41.999936627152834
151554,TARGET_ROAD,COUPE,52.360000000002586,73.38000000000254,5.640000000000192,20.0,20.0,0.0,308.5547499999988,42.0
151555,MERGING_ROAD,COUPE,60.72000000000389,76.22000000000197,0.2599999999983176,20.0,20.0,19.843749999999538,308.3902718231001,41.99993157030886
151556,MERGING_ROAD,COUPE,62.520000000004174,78.02000000000162,0.2599999999976781,20.0,20.0,19.843749999999538,308.39027182309945,41.99993157030886
151557,TARGET_ROAD,SEDAN,63.46000000000432,78.90000000000144,0.0,20.0,20.0,20.0,309.5999999999995,42.0
151558,TARGET_ROAD,VAN,65.46000000000411,80.92000000000104,0.0,20.0,20.0,20.0,309.9999999999995,42.0
151559,MERGING_ROAD,SEDAN,66.74000000000386,82.32000000000076,0.2999999999971372,20.0,20.0,19.8437499999999,309.32407920302006,41.99992276863932
151560,MERGING_ROAD,SUV,68.78000000000345,84.38000000000035,0.29999999999713367,20.0,20.0,19.8437499999999,309.7577417823211,41.9999139607021
151561,TARGET_ROAD,VAN,69.38000000000334,85.38000000000015,0.5399999999970575,20.0,20.0,12.261599999999994,309.80753662337537,42.0
151562,MERGING_ROAD,COUPE,72.22000000000277,87.77999999999967,0.31999999999714035,20.0,20.0,19.843749999999538,308.39027182309957,41.99993157030886
151563,TARGET_ROAD,COUPE,76.98000000000182,92.35999999999876,0.0,20.0,20.0,20.0,308.3999999999996,42.0
151564,MERGING_ROAD,VAN,78.46000000000153,94.09999999999842,0.3399999999971257,20.0,20.0,19.84375000000002,309.69986109982693,41.99992986682932
151565,MERGING_ROAD,SUV,80.36000000000115,95.99999999999804,0.3399999999971257,20.0,20.0,19.8437499999999,309.75774178232126,41.9999139607021
151566,TARGET_ROAD,VAN,81.08000000000101,96.79999999999788,0.2599999999971132,20.0,20.0,14.599999999999993,309.87346576623275,42.0
151567,MERGING_ROAD,VAN,83.78000000000047,99.43999999999735,0.35999999999712173,20.0,20.0,19.84375000000002,309.6998610996095,41.999929866829234
151568,TARGET_ROAD,SEDAN,85.88000000000005,101.31999999999698,0.0,20.0,20.0,20.0,309.5999999999995,42.0
151569,TARGET_ROAD,SUV,87.99999999999963,103.43999999999656,0.0,20.0,20.0,20.0,309.5999999999995,42.0
151570,MERGING_ROAD,SEDAN,88.21999999999959,104.41999999999636,0.9199999999970139,20.0,20.0,12.199999999999998,309.4702777737203,41.99992285517194
151571,TARGET_ROAD,VAN,90.71999999999909,106.17999999999601,0.0,20.0,20.0,20.0,309.9999999999995,42.0
151572,MERGING_ROAD,SEDAN,94.91999999999825,110.61999999999513,0.41999999999711335,20.0,20.0,19.8437499999999,309.324079203016,41.99992276863932
151573,MERGING_ROAD,SEDAN,97.35999999999777,113.05999999999464,0.41999999999711335,20.0,20.0,19.8437499999999,309.32407920302006,41.99992276863932
151574,MERGING_ROAD,COUPE,103.15999999999661,118.8199999999935,0.41999999999712045,20.0,20.0,19.843749999999538,308.3902718230991,41.99993157030886
151575,MERGING_ROAD,SUV,106.7799999999959,122.49999999999277,0.4199999999971098,20.0,20.0,19.8437499999999,309.7577417823211,41.9999139607021
151576,MERGING_ROAD,SUV,110.19999999999521,125.91999999999209,0.4199999999971098,20.0,20.0,19.8437499999999,309.7577417823211,41.9999139607021
151577,TARGET_ROAD,VAN,113.05999999999464,128.51999999999194,0.0,20.0,20.0,20.0,309.9999999999995,42.0
151578,MERGING_ROAD,COUPE,114.09999999999444,129.77999999999258,0.43999999999838124,20.0,20.0,19.843749999999538,308.39027182309803,41.99993157030886
151579,MERGING_ROAD,SEDAN,118.09999999999364,133.81999999999465,0.44000000000124473,20.0,20.0,19.8437499999999,309.32407920301586,41.99992276863932
151580,MERGING_ROAD,SEDAN,121.8599999999929,137.57999999999657,0.44000000000391637,20.0,20.0,19.843750000000455,309.3240792030203,41.99992276863932
151581,TARGET_ROAD,VAN,123.05999999999266,138.51999999999705,4.639844064513454E-12,20.0,20.0,20.0,309.9999999999995,42.0
151582,TARGET_ROAD,VAN,125.11999999999225,140.5799999999981,6.103562100179261E-12,20.0,20.0,20.0,309.9999999999995,42.0
151583,MERGING_ROAD,SUV,124.97999999999227,143.63999999999967,3.3600000000076378,20.0,20.0,0.0,309.6369200342571,41.99993538212495
151584,TARGET_ROAD,SEDAN,128.79999999999208,144.23999999999998,8.139267038131948E-12,20.0,20.0,19.09000000000001,309.36339999999944,42.0
151585,MERGING_ROAD,SEDAN,128.31999999999184,147.76000000000178,4.160000000010182,20.0,20.0,0.0,309.4701384420241,41.99993661832779
151586,MERGING_ROAD,VAN,130.05999999999273,148.46000000000214,3.1000000000096506,20.0,20.0,4.0008000000000035,309.7822267852551,41.99993703659844
151587,TARGET_ROAD,VAN,130.619999999993,150.80000000000334,4.720000000010565,20.0,20.0,0.0,309.6647834916006,42.0
151588,MERGING_ROAD,SEDAN,132.25999999999385,153.18000000000455,5.640000000010939,20.0,20.0,0.0,309.4701384420241,41.99993661832779
151589,TARGET_ROAD,SUV,133.23999999999435,154.34000000000515,5.660000000011035,20.0,20.0,0.0,309.58055041835274,42.0
151590,TARGET_ROAD,SUV,135.2999999999954,156.74000000000638,6.000000000011209,20.0,20.0,0.0,309.5798973383526,42.0
151591,MERGING_ROAD,VAN,138.0199999999968,159.64000000000786,6.320000000011298,20.0,20.0,0.0,309.6868082721521,41.99994212997993
151592,TARGET_ROAD,SUV,142.15999999999892,160.7000000000084,3.100000000009725,20.0,20.0,0.0,309.58021093117327,42.0
151593,MERGING_ROAD,COUPE,142.37999999999903,162.52000000000933,4.9000000000105395,20.0,20.0,0.0,308.4480335243185,41.99993807574221
151594,MERGING_ROAD,SUV,144.0599999999999,163.48000000000982,4.120000000010172,20.0,20.0,0.0,309.4393323823973,41.99993065893827
151595,TARGET_ROAD,COUPE,145.94000000000085,165.16000000001068,3.840000000010072,20.0,20.0,0.0,308.5553199999989,42.0
151596,MERGING_ROAD,SEDAN,146.6200000000012,168.02000000001215,6.120000000011185,20.0,20.0,0.0,309.4701217966824,41.999936617862836
151597,MERGING_ROAD,VAN,151.5000000000037,170.92000000001363,4.120000000010172,20.0,20.0,0.19999999999999818,309.8841116164321,41.9999435629081
151598,MERGING_ROAD,VAN,154.4400000000052,171.620000000014,1.8800000000090265,20.0,20.0,10.324799999999996,309.8306924464673,41.999936229937596
151599,TARGET_ROAD,COUPE,155.2200000000056,172.14000000001425,1.5400000000088951,20.0,20.0,7.400000000000002,308.37679999999824,42.0
151600,MERGING_ROAD,SEDAN,157.66000000000685,173.56000000001498,0.6200000000083712,20.0,20.0,19.843750000000455,309.32407920302023,41.99992276863932
151601,TARGET_ROAD,COUPE,158.7400000000074,174.12000000001527,8.107292615022743E-12,20.0,20.0,20.0,308.3999999999996,42.0
151602,TARGET_ROAD,SEDAN,162.36000000000925,177.80000000001715,8.139267038131948E-12,20.0,20.0,20.0,309.5999999999995,42.0
151603,TARGET_ROAD,SEDAN,164.8200000000105,180.2600000000184,8.139267038131948E-12,20.0,20.0,20.0,309.5999999999995,42.0
151604,MERGING_ROAD,COUPE,165.16000000001068,181.08000000001883,0.6800000000083806,20.0,20.0,19.843750000000178,308.39027182309934,41.99993157030886
151605,MERGING_ROAD,COUPE,168.7200000000125,184.64000000002065,0.6800000000083806,20.0,20.0,19.843750000000178,308.3902718230985,41.99993157030886
151606,MERGING_ROAD,SUV,171.98000000001417,187.96000000002235,0.6800000000084125,20.0,20.0,19.843750000000455,309.75774178240613,41.9999139607021
151607,MERGING_ROAD,VAN,174.84000000001564,190.8200000000238,0.6800000000084125,20.0,20.0,19.84375000000002,309.69986109960985,41.999929866829234
151608,TARGET_ROAD,SEDAN,175.560000000016,193.66000000002526,2.6600000000095,20.0,20.0,2.1249999999999982,309.3790999999986,42.0
151609,MERGING_ROAD,SEDAN,178.94000000001773,194.9200000000259,0.7000000000084121,20.0,20.0,19.843750000000455,309.3240792030203,41.99992276863932
151610,MERGING_ROAD,VAN,182.54000000001957,198.54000000002776,0.7000000000084228,20.0,20.0,19.84375000000002,309.69986109981863,41.99992986682932
151611,TARGET_ROAD,SEDAN,184.26000000002045,199.70000000002835,8.139267038131948E-12,20.0,20.0,20.0,309.5999999999995,42.0
151612,MERGING_ROAD,SUV,185.38000000002103,201.40000000002922,0.720000000008433,20.0,20.0,19.843750000000455,309.7577417824067,41.9999139607021
151613,MERGING_ROAD,COUPE,187.72000000002222,203.6800000000304,0.720000000008401,20.0,20.0,19.843750000000178,308.3902718230985,41.99993157030886
151614,TARGET_ROAD,COUPE,188.88000000002282,204.2600000000307,8.107292615022743E-12,20.0,20.0,20.0,308.3999999999996,42.0
151615,TARGET_ROAD,SEDAN,190.88000000002384,206.32000000003174,8.139267038131948E-12,20.0,20.0,20.0,309.5999999999995,42.0
151616,MERGING_ROAD,VAN,190.76000000002378,207.38000000003228,1.32000000000874,20.0,20.0,12.261599999999994,309.96891081161795,41.99992906571078
151617,MERGING_ROAD,COUPE,193.88000000002538,209.88000000003356,0.7600000000084215,20.0,20.0,19.843750000000178,308.3902718230997,41.99993157030886
151618,MERGING_ROAD,SUV,204.72000000003092,220.78000000003914,0.7600000000084535,20.0,20.0,19.843750000000455,309.7577417824071,41.9999139607021
151619,TARGET_ROAD,COUPE,207.8200000000325,223.20000000004038,8.107292615022743E-12,20.0,20.0,20.0,308.3999999999996,42.0
151620,MERGING_ROAD,VAN,207.10000000003214,226.86000000004225,4.460000000010346,20.0,20.0,0.0,309.6857061261885,41.99994209813205
151621,TARGET_ROAD,COUPE,210.24000000003375,227.40000000004252,1.780000000009018,20.0,20.0,5.869999999999999,308.5777999999984,42.0
151622,MERGING_ROAD,COUPE,211.04000000003415,227.9200000000428,1.6400000000088717,20.0,20.0,11.360000000000001,308.5044507263209,41.99993992025916
151623,MERGING_ROAD,SEDAN,212.9000000000351,228.98000000004333,0.8000000000084633,20.0,20.0,19.843750000000455,309.3240792030203,41.99992276863932
151624,TARGET_ROAD,COUPE,214.48000000003591,229.86000000004378,8.107292615022743E-12,20.0,20.0,20.0,308.3999999999996,42.0
151625,TARGET_ROAD,SUV,217.08000000003724,232.52000000004514,8.139267038131948E-12,20.0,20.0,20.0,309.5999999999995,42.0
151626,MERGING_ROAD,COUPE,218.42000000003793,234.50000000004616,0.8400000000084624,20.0,20.0,19.843750000000178,308.3902718230995,41.99993157030886
151627,TARGET_ROAD,COUPE,220.9000000000392,236.28000000004707,8.107292615022743E-12,20.0,20.0,20.0,308.3999999999996,42.0
151628,MERGING_ROAD,COUPE,221.62000000003957,237.7200000000478,0.8600000000084727,20.0,20.0,19.843750000000178,308.39027182309957,41.99993157030886
151629,TARGET_ROAD,SEDAN,223.88000000004072,239.32000000004862,8.139267038131948E-12,20.0,20.0,20.0,309.5999999999995,42.0
151630,MERGING_ROAD,VAN,226.22000000004192,242.4000000000502,0.8800000000085149,20.0,20.0,19.84375000000002,309.69986109960985,41.999929866829234
151631,TARGET_ROAD,COUPE,227.40000000004252,243.10000000005056,0.320000000008271,20.0,20.0,12.800000000000004,308.3199999999991,42.0
151632,MERGING_ROAD,COUPE,230.42000000004407,246.56000000005233,0.9000000000084931,20.0,20.0,19.843750000000178,308.3902718230985,41.99993157030886
151633,TARGET_ROAD,VAN,232.34000000004505,247.80000000005296,8.149925179168349E-12,20.0,20.0,20.0,309.9999999999995,42.0
151634,MERGING_ROAD,VAN,232.8400000000453,249.0600000000536,0.9200000000085353,20.0,20.0,19.84375000000002,309.69986109960973,41.999929866829234
151635,TARGET_ROAD,VAN,234.8000000000463,250.26000000005422,8.149925179168349E-12,20.0,20.0,20.0,309.9999999999995,42.0
151636,TARGET_ROAD,SEDAN,236.5200000000472,251.9600000000551,8.139267038131948E-12,20.0,20.0,20.0,309.5999999999995,42.0
151637,MERGING_ROAD,SUV,235.7400000000468,255.02000000005665,3.980000000010101,20.0,20.0,0.0,309.63891708895704,41.99993393395673
151638,TARGET_ROAD,COUPE,238.94000000004843,255.54000000005692,1.2200000000087314,20.0,20.0,8.299999999999999,308.36679999999865,42.0
151639,TARGET_ROAD,SUV,247.56000000005284,263.00000000005076,0.0,20.0,20.0,20.0,309.5999999999995,42.0
151640,MERGING_ROAD,SEDAN,253.30000000005577,269.5800000000448,0.9999999999892388,20.0,20.0,19.843749999999346,309.3240792031823,41.99992276863932
151641,TARGET_ROAD,COUPE,254.7400000000565,270.1200000000443,0.0,20.0,20.0,19.1,308.2829999999995,42.0
151642,MERGING_ROAD,COUPE,255.00000000005664,271.26000000004325,1.0199999999868403,20.0,20.0,19.8437499999989,308.39027182309866,41.99993157030886
151643,TARGET_ROAD,COUPE,256.8800000000563,272.26000000004234,0.0,20.0,20.0,20.0,308.3999999999996,42.0
151644,MERGING_ROAD,SEDAN,256.96000000005625,273.2800000000414,1.039999999985394,20.0,20.0,19.843749999999346,309.32407920302006,41.99992276863932
151645,TARGET_ROAD,SEDAN,258.5800000000548,274.02000000004074,0.0,20.0,20.0,20.0,309.5999999999995,42.0
151646,MERGING_ROAD,SEDAN,259.6400000000538,275.98000000003896,1.0599999999853758,20.0,20.0,19.843749999999346,309.32407920301574,41.99992276863932
151647,MERGING_ROAD,COUPE,264.22000000004965,280.5200000000348,1.0599999999854113,20.0,20.0,19.8437499999989,308.3902718230997,41.99993157030886
151648,MERGING_ROAD,SUV,266.020000000048,282.38000000003314,1.059999999985358,20.0,20.0,19.843749999999346,309.7577417823228,41.9999139607021
151649,MERGING_ROAD,VAN,270.0200000000444,286.3800000000295,1.059999999985358,20.0,20.0,19.84375000000002,309.6998610998162,41.99992986682932
151650,TARGET_ROAD,SUV,280.82000000003455,296.2600000000205,0.0,20.0,20.0,20.0,309.5999999999995,42.0
151651,TARGET_ROAD,SEDAN,283.7600000000319,299.20000000001784,0.0,20.0,20.0,20.0,309.5999999999995,42.0
151652,MERGING_ROAD,VAN,284.46000000003124,300.8600000000163,1.0999999999853216,20.0,20.0,19.84375000000002,309.6998610998186,41.99992986682932
151653,TARGET_ROAD,SEDAN,289.20000000002693,304.6400000000129,0.0,20.0,20.0,20.0,309.5999999999995,42.0
151654,MERGING_ROAD,SUV,288.6800000000274,305.620000000012,1.6399999999848305,20.0,20.0,11.496599999999999,309.4582472339812,41.99992796912496
151655,MERGING_ROAD,VAN,291.4400000000249,307.86000000000996,1.1199999999853034,20.0,20.0,19.84375000000002,309.69986109981517,41.99992986682932
151656,TARGET_ROAD,SUV,292.60000000002384,310.3400000000077,2.299999999984106,20.0,20.0,2.1365999999999996,309.6803802297635,42.0
151657,TARGET_ROAD,COUPE,294.7600000000219,310.86000000000723,0.7199999999855962,20.0,20.0,11.900000000000004,308.4215999999987,42.0
151658,MERGING_ROAD,VAN,295.9400000000208,312.40000000000583,1.159999999985267,20.0,20.0,19.84375000000002,309.6998610998269,41.99992986682932
151659,TARGET_ROAD,SUV,297.3600000000195,313.340000000005,0.5399999999857066,20.0,20.0,11.496599999999999,309.6927679164479,42.0
151660,TARGET_ROAD,VAN,301.38000000001585,316.8400000000018,0.0,20.0,20.0,20.0,309.9999999999995,42.0
151661,MERGING_ROAD,SUV,301.16000000001605,317.66000000000105,1.1999999999852307,20.0,20.0,19.843749999999346,309.7577417823211,41.9999139607021
151662,TARGET_ROAD,SUV,304.3200000000132,319.75999999999914,0.0,20.0,20.0,20.0,309.5999999999995,42.0
151663,MERGING_ROAD,SUV,303.3200000000141,322.81999999999636,4.199999999982502,20.0,20.0,0.0,309.63825145482167,41.99993391360179
151664,MERGING_ROAD,SEDAN,306.32000000001136,323.4599999999958,1.8599999999846482,20.0,20.0,12.784999999999991,309.2900169769375,41.99991815887764
151665,MERGING_ROAD,SEDAN,308.64000000000925,325.13999999999425,1.2199999999852302,20.0,20.0,19.843749999999346,309.3240792030157,41.99992276863932
151666,TARGET_ROAD,SEDAN,311.2400000000069,326.67999999999284,0.0,20.0,20.0,20.0,309.5999999999995,42.0
151667,TARGET_ROAD,SUV,315.1600000000033,330.5999999999893,0.0,20.0,20.0,20.0,309.5999999999995,42.0
151668,MERGING_ROAD,VAN,316.8400000000018,333.39999999998673,1.259999999985176,20.0,20.0,19.84375000000002,309.6998610998152,41.99992986682932
151669,TARGET_ROAD,SEDAN,320.6999999999983,336.13999999998424,0.0,20.0,20.0,20.0,309.5999999999995,42.0
151670,MERGING_ROAD,VAN,323.0199999999962,339.5999999999811,1.279999999985158,20.0,20.0,19.84375000000002,309.6998610998153,41.99992986682932
151671,MERGING_ROAD,COUPE,325.0799999999943,341.5999999999793,1.2799999999852112,20.0,20.0,19.8437499999989,308.39027182309974,41.99993157030886
151672,TARGET_ROAD,SEDAN,326.4199999999931,344.079999999977,2.2199999999841786,20.0,20.0,3.6849999999999987,309.46849999999864,42.0
151673,MERGING_ROAD,VAN,331.17999999998875,347.77999999997365,1.2999999999851397,20.0,20.0,19.84375000000002,309.6998610998149,41.99992986682932
151674,TARGET_ROAD,COUPE,332.81999999998726,348.3799999999731,0.1799999999860873,20.0,20.0,14.600000000000005,308.3279999999992,42.0
151675,TARGET_ROAD,SUV,337.31999999998317,352.7599999999691,0.0,20.0,20.0,20.0,309.5999999999995,42.0
151676,MERGING_ROAD,SUV,338.3999999999822,355.03999999996705,1.3399999999851033,20.0,20.0,19.843749999999346,309.7577417823208,41.9999139607021
151677,MERGING_ROAD,SEDAN,342.4599999999785,359.0799999999634,1.339999999985121,20.0,20.0,19.843749999999346,309.3240792031821,41.99992276863932
151678,TARGET_ROAD,COUPE,344.47999999997666,359.85999999996267,0.0,20.0,20.0,20.0,308.3999999999996,42.0
151679,TARGET_ROAD,COUPE,348.5999999999729,363.9799999999589,0.0,20.0,20.0,20.0,308.3999999999996,42.0
151680,MERGING_ROAD,VAN,349.2399999999723,365.91999999995716,1.379999999985067,20.0,20.0,19.84375000000002,309.6998610998269,41.99992986682932
151681,TARGET_ROAD,VAN,352.6799999999692,368.13999999995514,0.0,20.0,20.0,20.0,309.9999999999995,42.0
151682,MERGING_ROAD,COUPE,355.03999999996705,371.6799999999519,1.399999999985102,20.0,20.0,19.8437499999989,308.3902718231003,41.99993157030886
151683,MERGING_ROAD,COUPE,359.9599999999626,376.59999999994744,1.399999999985102,20.0,20.0,19.8437499999989,308.39027182309945,41.99993157030886
151684,MERGING_ROAD,SUV,365.2999999999577,381.99999999994253,1.3999999999850488,20.0,20.0,19.843749999999346,309.7577417823121,41.9999139607021
151685,MERGING_ROAD,VAN,367.6199999999556,384.3199999999404,1.3999999999850488,20.0,20.0,19.84375000000002,309.6998610998153,41.99992986682932
151686,TARGET_ROAD,COUPE,371.85999999995175,387.23999999993777,0.0,20.0,20.0,20.0,308.3999999999996,42.0
151687,MERGING_ROAD,COUPE,371.53999999995204,388.1999999999369,1.4199999999850839,20.0,20.0,19.8437499999989,308.39027182309803,41.99993157030886
151688,MERGING_ROAD,SEDAN,373.59999999995017,390.299999999935,1.4199999999850483,20.0,20.0,19.843749999999346,309.32407920301574,41.99992276863932
151689,MERGING_ROAD,COUPE,377.77999999994637,394.4399999999312,1.4199999999850839,20.0,20.0,19.8437499999989,308.3902718230999,41.99993157030886
151690,MERGING_ROAD,VAN,379.67999999994464,396.39999999992943,1.4199999999850306,20.0,20.0,19.84375000000002,309.6998610998184,41.99992986682932
151691,TARGET_ROAD,SEDAN,382.43999999994213,397.8799999999281,0.0,20.0,20.0,20.0,309.5999999999995,42.0
151692,MERGING_ROAD,SEDAN,381.7999999999427,398.5399999999275,1.459999999985012,20.0,20.0,18.439999999999998,309.41529081367634,41.99991326306033
151693,MERGING_ROAD,COUPE,383.53999999994113,400.21999999992596,1.4399999999850657,20.0,20.0,19.8437499999989,308.3902718230991,41.99993157030886
151694,TARGET_ROAD,VAN,387.45999999993757,402.9199999999235,0.0,20.0,20.0,20.0,309.9999999999995,42.0
151695,MERGING_ROAD,SEDAN,390.01999999993524,406.75999999992,1.459999999985012,20.0,20.0,19.843749999999346,309.32407920318286,41.99992276863932
151696,MERGING_ROAD,SUV,396.4599999999294,413.21999999991414,1.4599999999849942,20.0,20.0,19.843749999999346,309.75774178365117,41.99991396070218
151697,TARGET_ROAD,VAN,397.979999999928,415.599999999912,2.1599999999842154,20.0,20.0,4.461599999999999,309.8624504935052,42.0
151698,MERGING_ROAD,SEDAN,398.1999999999278,416.9799999999107,3.4999999999831566,20.0,20.0,4.464999999999999,309.27418292882516,41.9999103749443
151699,MERGING_ROAD,VAN,400.31999999992587,417.69999999991006,2.0799999999844303,20.0,20.0,13.986399999999987,309.9846694319707,41.99993492595618
151700,TARGET_ROAD,SEDAN,402.9199999999235,418.35999999990946,0.0,20.0,20.0,20.0,309.5999999999995,42.0
151701,MERGING_ROAD,SEDAN,405.83999999992085,422.6199999999056,1.4999999999849756,20.0,20.0,19.843749999999346,309.3240792031821,41.99992276863932
151702,TARGET_ROAD,COUPE,410.65999999991647,426.0399999999025,0.0,20.0,20.0,20.0,308.3999999999996,42.0
151703,MERGING_ROAD,COUPE,413.31999999991405,430.0799999998988,1.519999999984993,20.0,20.0,19.8437499999989,308.39027182310025,41.99993157030886
151704,MERGING_ROAD,SEDAN,416.4199999999112,433.21999999989595,1.5199999999849574,20.0,20.0,19.843749999999346,309.32407920318235,41.99992276863932
151705,TARGET_ROAD,COUPE,423.3799999999049,438.7599999998909,0.0,20.0,20.0,20.0,308.3999999999996,42.0
151706,MERGING_ROAD,VAN,422.0799999999061,442.01999999988794,4.639999999982102,20.0,20.0,1.4615999999999985,309.996838158779,41.99994416388028
151707,TARGET_ROAD,SEDAN,425.07999999990335,443.31999999988676,2.799999999983651,20.0,20.0,2.189999999999996,309.27229999999855,42.0
151708,MERGING_ROAD,SUV,424.7199999999037,445.1599999998851,5.139999999981647,20.0,20.0,0.0,309.63891708895704,41.99993393395673
151709,TARGET_ROAD,SUV,432.9399999998962,448.37999999988216,0.0,20.0,20.0,20.0,309.5999999999995,42.0
151710,MERGING_ROAD,VAN,432.45999999989664,449.3399999998813,1.579999999984885,20.0,20.0,19.84375000000002,309.6998610996095,41.999929866829234
151711,TARGET_ROAD,COUPE,436.2399999998932,451.6199999998792,0.0,20.0,20.0,20.0,308.3999999999996,42.0
151712,MERGING_ROAD,COUPE,437.71999999989185,454.55999999987654,1.5999999999849202,20.0,20.0,19.8437499999989,308.3902718230995,41.99993157030886
151713,TARGET_ROAD,SEDAN,440.91999999988894,456.3599999998749,0.0,20.0,20.0,20.0,309.5999999999995,42.0
151714,TARGET_ROAD,COUPE,444.5799999998856,459.9599999998716,0.0,20.0,20.0,20.0,308.3999999999996,42.0
151715,MERGING_ROAD,SEDAN,443.55999999988654,460.81999999987084,1.979999999984539,20.0,20.0,13.759999999999996,309.51762655005354,41.999911452963346
151716,MERGING_ROAD,SEDAN,446.6999999998837,463.6199999998683,1.6399999999848482,20.0,20.0,19.843749999999346,309.3240792030155,41.99992276863932
151717,TARGET_ROAD,SEDAN,449.3199999998813,464.75999999986726,0.0,20.0,20.0,20.0,309.5999999999995,42.0
151718,TARGET_ROAD,VAN,451.7599999998791,467.219999999865,0.0,20.0,20.0,20.0,309.9999999999995,42.0
151719,MERGING_ROAD,COUPE,456.07999999987516,472.99999999985977,1.6799999999848474,20.0,20.0,19.8437499999989,308.39027182309997,41.99993157030886
151720,MERGING_ROAD,SEDAN,459.6799999998719,476.63999999985646,1.6799999999848119,20.0,20.0,19.843749999999346,309.32407920318286,41.99992276863932
151721,MERGING_ROAD,SEDAN,464.53999999986746,481.49999999985204,1.6799999999848119,20.0,20.0,19.843749999999346,309.32407920318195,41.99992276863932
151722,MERGING_ROAD,VAN,468.0399999998643,485.01999999984884,1.679999999984794,20.0,20.0,19.84375000000002,309.69986109981517,41.99992986682932
151723,MERGING_ROAD,VAN,476.97999999985615,493.9599999998407,1.679999999984794,20.0,20.0,19.84375000000002,309.6998610998154,41.99992986682932
151724,TARGET_ROAD,COUPE,481.59999999985195,496.97999999983796,0.0,20.0,20.0,20.0,308.3999999999996,42.0
151725,MERGING_ROAD,VAN,480.69999999985276,497.73999999983727,1.7399999999847395,20.0,20.0,18.199999999999996,309.9342512565531,41.99992877629892
151726,TARGET_ROAD,VAN,484.0799999998497,499.53999999983563,0.0,20.0,20.0,20.0,309.9999999999995,42.0
151727,MERGING_ROAD,SEDAN,483.5199999998502,500.51999999983474,1.7199999999847755,20.0,20.0,19.843749999999346,309.32407920302006,41.99992276863932
151728,TARGET_ROAD,SEDAN,490.15999999984416,505.5999999998301,0.0,20.0,20.0,20.0,309.5999999999995,42.0
151729,MERGING_ROAD,SUV,492.8399999998417,509.8799999998262,1.7399999999847395,20.0,20.0,19.843749999999346,309.7577417823219,41.9999139607021
151730,MERGING_ROAD,SEDAN,496.01999999983883,513.0399999998234,1.7399999999848141,20.0,20.0,19.843749999999346,309.32407920318224,41.99992276863932
151731,TARGET_ROAD,SUV,502.5199999998329,517.9599999998189,0.0,20.0,20.0,20.0,309.5999999999995,42.0
151732,MERGING_ROAD,SUV,504.7399999998309,521.7999999998154,1.7599999999847782,20.0,20.0,19.84374999999713,309.75774178232035,41.9999139607021
151733,TARGET_ROAD,VAN,506.5999999998292,523.8999999998135,1.8399999999845633,20.0,20.0,5.661599999999998,309.880142337661,42.0
151734,TARGET_ROAD,SUV,509.49999999982657,524.9399999998126,0.0,20.0,20.0,20.0,309.5999999999995,42.0
151735,MERGING_ROAD,COUPE,510.3399999998258,527.3799999998104,1.799999999984795,20.0,20.0,19.843750000001457,308.3902718230995,41.99993157030886
151736,TARGET_ROAD,SEDAN,514.2599999998223,529.6999999998083,0.0,20.0,20.0,20.0,309.5999999999995,42.0
151737,MERGING_ROAD,SEDAN,518.0999999998188,535.1999999998033,1.8199999999846845,20.0,20.0,19.84374999999713,309.3240792031823,41.99992276863932
151738,MERGING_ROAD,SUV,522.3799999998149,539.4999999997993,1.8199999999846668,20.0,20.0,19.84374999999713,309.7577417823205,41.9999139607021
151739,MERGING_ROAD,SEDAN,524.0599999998134,541.1599999997978,1.8199999999846845,20.0,20.0,19.84374999999713,309.3240792030199,41.99992276863932
151740,TARGET_ROAD,VAN,527.4599999998103,542.9199999997962,0.0,20.0,20.0,20.0,309.9999999999995,42.0
151741,TARGET_ROAD,VAN,536.8799999998017,552.3399999997877,0.0,20.0,20.0,20.0,309.9999999999995,42.0
151742,TARGET_ROAD,COUPE,538.7799999998,554.159999999786,0.0,20.0,20.0,20.0,308.3999999999996,42.0
151743,TARGET_ROAD,VAN,540.8199999997981,556.2799999997841,0.0,20.0,20.0,20.0,309.9999999999995,42.0
151744,MERGING_ROAD,VAN,542.1799999997969,559.3799999997813,1.899999999984594,20.0,20.0,19.843749999998316,309.6998610998269,41.99992986682932
151745,MERGING_ROAD,VAN,545.6199999997938,562.8199999997781,1.899999999984594,20.0,20.0,19.843749999998316,309.6998610998152,41.99992986682932
151746,TARGET_ROAD,VAN,548.4399999997912,563.8999999997772,0.0,20.0,20.0,20.0,309.9999999999995,42.0
151747,TARGET_ROAD,VAN,552.5599999997875,568.0199999997734,0.0,20.0,20.0,20.0,309.9999999999995,42.0
151748,MERGING_ROAD,SUV,550.7399999997891,571.0799999997706,5.039999999981738,20.0,20.0,0.0,309.63891708895704,41.99993393395673
151749,MERGING_ROAD,COUPE,555.5999999997847,572.7799999997691,1.939999999984611,20.0,20.0,19.843750000001457,308.39027182310014,41.99993157030886
151750,MERGING_ROAD,SEDAN,557.8599999997826,575.079999999767,1.9399999999845754,20.0,20.0,19.84374999999713,309.3240792030159,41.99992276863932
151751,TARGET_ROAD,SUV,562.0199999997789,577.4599999997648,0.0,20.0,20.0,20.0,309.5999999999995,42.0
151752,TARGET_ROAD,SUV,569.0199999997725,584.4599999997585,0.0,20.0,20.0,20.0,309.5999999999995,42.0
151753,MERGING_ROAD,SUV,568.439999999773,585.7199999997573,1.9799999999845213,20.0,20.0,19.84374999999713,309.7577417823211,41.9999139607021
151754,TARGET_ROAD,SEDAN,577.9599999997644,593.3999999997503,0.0,20.0,20.0,20.0,309.5999999999995,42.0
151755,MERGING_ROAD,VAN,577.1599999997651,594.4599999997494,1.999999999984503,20.0,20.0,19.843749999998316,309.69986109960985,41.999929866829234
151756,MERGING_ROAD,SEDAN,579.499999999763,596.7799999997472,1.9999999999845208,20.0,20.0,19.84374999999713,309.32407920301586,41.99992276863932
151757,MERGING_ROAD,SEDAN,582.6199999997601,599.8999999997444,1.9999999999845208,20.0,20.0,19.84374999999713,309.3240792030158,41.99992276863932
151758,TARGET_ROAD,COUPE,585.7399999997573,601.1199999997433,0.0,20.0,20.0,20.0,308.3999999999996,42.0
151759,MERGING_ROAD,COUPE,586.1399999997569,603.3999999997412,2.019999999984538,20.0,20.0,19.843750000001457,308.39027182309866,41.99993157030886
151760,MERGING_ROAD,SEDAN,587.7799999997554,605.0799999997397,2.0199999999845026,20.0,20.0,19.84374999999713,309.3240792030199,41.99992276863932
151761,TARGET_ROAD,COUPE,590.399999999753,605.7799999997391,0.0,20.0,20.0,20.0,308.3999999999996,42.0
151762,MERGING_ROAD,SUV,591.9799999997516,609.3199999997358,2.0399999999844667,20.0,20.0,19.84374999999713,309.75774178232126,41.9999139607021
151763,TARGET_ROAD,VAN,598.4799999997457,613.9399999997316,0.0,20.0,20.0,20.0,309.9999999999995,42.0
151764,MERGING_ROAD,SUV,597.4599999997466,614.8199999997308,2.0599999999844485,20.0,20.0,19.84374999999713,309.75774178240596,41.9999139607021
151765,TARGET_ROAD,SUV,604.1199999997406,619.5599999997265,0.0,20.0,20.0,20.0,309.5999999999995,42.0
151766,MERGING_ROAD,SUV,606.2399999997386,623.6199999997228,2.0799999999844303,20.0,20.0,19.84374999999713,309.75774178231774,41.9999139607021
151767,TARGET_ROAD,VAN,609.6999999997355,625.1599999997214,0.0,20.0,20.0,20.0,309.9999999999995,42.0
151768,MERGING_ROAD,COUPE,611.4399999997339,628.7799999997181,2.0999999999844654,20.0,20.0,19.843750000001457,308.3902718230998,41.99993157030886
151769,TARGET_ROAD,SUV,615.4399999997303,630.8799999997162,0.0,20.0,20.0,20.0,309.5999999999995,42.0
151770,TARGET_ROAD,COUPE,618.0999999997279,633.4799999997139,0.0,20.0,20.0,20.0,308.3999999999996,42.0
151771,MERGING_ROAD,SEDAN,616.5599999997293,634.399999999713,2.5599999999840115,20.0,20.0,12.979999999999997,309.4431728127219,41.999927811694306
151772,MERGING_ROAD,VAN,620.3999999997258,637.8399999997099,2.1399999999843757,20.0,20.0,19.843749999998316,309.6998610998153,41.99992986682932
151773,MERGING_ROAD,COUPE,623.6399999997228,641.019999999707,2.139999999984429,20.0,20.0,19.843750000001457,308.39027182310014,41.99993157030886
151774,MERGING_ROAD,SUV,625.7799999997209,643.219999999705,2.1399999999843757,20.0,20.0,19.84374999999713,309.7577417823224,41.9999139607021
151775,MERGING_ROAD,SUV,628.2799999997186,645.7199999997027,2.1399999999843757,20.0,20.0,19.84374999999713,309.75774178232064,41.9999139607021
151776,TARGET_ROAD,COUPE,630.5799999997165,647.2399999997014,1.2799999999850868,20.0,20.0,5.600000000000001,308.65599999999887,42.0
151777,TARGET_ROAD,SEDAN,632.7799999997145,648.2199999997005,0.0,20.0,20.0,20.0,309.5999999999995,42.0
151778,MERGING_ROAD,SUV,632.4399999997148,649.9199999996989,2.1799999999843394,20.0,20.0,19.84374999999713,309.7577417823209,41.9999139607021
151779,TARGET_ROAD,VAN,636.9599999997107,652.4199999996966,0.0,20.0,20.0,20.0,309.9999999999995,42.0
151780,TARGET_ROAD,COUPE,639.0199999997088,654.3999999996948,0.0,20.0,20.0,20.0,308.3999999999996,42.0
151781,MERGING_ROAD,SEDAN,640.7199999997073,658.2199999996914,2.2199999999843207,20.0,20.0,19.84374999999713,309.3240792030155,41.99992276863932
151782,TARGET_ROAD,VAN,644.2399999997041,659.69999999969,0.0,20.0,20.0,20.0,309.9999999999995,42.0
151783,TARGET_ROAD,VAN,648.8999999996998,664.3599999996858,0.0,20.0,20.0,20.0,309.9999999999995,42.0
151784,MERGING_ROAD,VAN,649.3799999996994,666.9399999996834,2.2599999999842666,20.0,20.0,19.843749999998316,309.6998610998184,41.99992986682932
151785,MERGING_ROAD,COUPE,655.4799999996939,672.979999999678,2.25999999998432,20.0,20.0,19.843750000001457,308.3902718230995,41.99993157030886
151786,TARGET_ROAD,VAN,658.7999999996908,674.2599999996768,0.0,20.0,20.0,20.0,309.9999999999995,42.0
151787,TARGET_ROAD,SUV,660.7399999996891,676.179999999675,0.0,20.0,20.0,20.0,309.5999999999995,42.0
151788,MERGING_ROAD,COUPE,661.5599999996883,679.0999999996724,2.2999999999842835,20.0,20.0,19.843750000001457,308.3902718231004,41.99993157030886
151789,TARGET_ROAD,VAN,665.3199999996849,680.7799999996708,0.0,20.0,20.0,20.0,309.9999999999995,42.0
151790,MERGING_ROAD,SEDAN,664.059999999686,681.65999999967,2.31999999998423,20.0,20.0,19.84374999999713,309.3240792030199,41.99992276863932
151791,TARGET_ROAD,COUPE,669.2399999996813,684.6199999996674,0.0,20.0,20.0,20.0,308.3999999999996,42.0
151792,MERGING_ROAD,VAN,667.2799999996831,686.7799999996654,4.199999999982502,20.0,20.0,5.661599999999998,309.9565455170609,41.999930334458455
151793,MERGING_ROAD,SEDAN,669.579999999681,687.3799999996648,2.519999999984048,20.0,20.0,16.945000000000025,309.44251292439964,41.99992760797691
151794,MERGING_ROAD,VAN,671.4599999996793,689.0999999996633,2.339999999984194,20.0,20.0,19.843749999998316,309.69986109982676,41.99992986682932
151795,TARGET_ROAD,SEDAN,674.1999999996768,689.7599999996627,0.11999999998608857,20.0,20.0,16.099999999999994,309.3869999999992,42.0
151796,TARGET_ROAD,SUV,676.2999999996749,691.7399999996609,0.0,20.0,20.0,20.0,309.5999999999995,42.0
151797,MERGING_ROAD,VAN,676.0399999996752,693.7199999996591,2.3799999999841575,20.0,20.0,19.843749999998316,309.69986109982676,41.99992986682932
151798,TARGET_ROAD,SUV,679.1399999996723,694.5799999996583,0.0,20.0,20.0,20.0,309.5999999999995,42.0
151799,MERGING_ROAD,SUV,678.8599999996726,696.5599999996565,2.3999999999841393,20.0,20.0,19.84374999999713,309.7577417823209,41.9999139607021
151800,TARGET_ROAD,VAN,682.6599999996691,698.1199999996551,0.0,20.0,20.0,20.0,309.9999999999995,42.0
151801,MERGING_ROAD,SUV,683.0399999996688,700.7599999996527,2.419999999984121,20.0,20.0,19.84374999999713,309.75774178232064,41.9999139607021
151802,TARGET_ROAD,SEDAN,685.7199999996664,701.7799999996517,0.6199999999856338,20.0,20.0,11.484999999999998,309.57719999999887,42.0
151803,TARGET_ROAD,COUPE,687.7599999996645,703.1399999996505,0.0,20.0,20.0,20.0,308.3999999999996,42.0
151804,MERGING_ROAD,SEDAN,685.8799999996662,704.1399999996496,2.9799999999836295,20.0,20.0,12.199999999999998,309.4693501076108,41.99992282010366
151805,MERGING_ROAD,COUPE,689.0399999996633,706.7399999996472,2.459999999984138,20.0,20.0,19.843750000001457,308.39027182310025,41.99993157030886
151806,MERGING_ROAD,COUPE,692.2599999996604,709.9599999996443,2.459999999984138,20.0,20.0,19.843750000001457,308.39027182310014,41.99993157030886
151807,MERGING_ROAD,SEDAN,694.2399999996586,711.9799999996425,2.4599999999841025,20.0,20.0,19.84374999999713,309.32407920301586,41.99992276863932
151808,TARGET_ROAD,SEDAN,697.8599999996553,713.2999999996413,0.0,20.0,20.0,20.0,309.5999999999995,42.0
151809,MERGING_ROAD,SEDAN,696.9199999996562,714.67999999964,2.4799999999840843,20.0,20.0,19.84374999999713,309.32407920301995,41.99992276863932
151810,TARGET_ROAD,VAN,700.3399999996531,715.799999999639,0.0,20.0,20.0,20.0,309.9999999999995,42.0
151811,MERGING_ROAD,SUV,698.9199999996544,716.7199999996382,2.4999999999840483,20.0,20.0,19.84374999999713,309.75774178232126,41.9999139607021
151812,TARGET_ROAD,VAN,702.8799999996507,718.3399999996367,0.0,20.0,20.0,20.0,309.9999999999995,42.0
151813,MERGING_ROAD,SUV,702.3799999996512,720.199999999635,2.51999999998403,20.0,20.0,19.84374999999713,309.7577417823209,41.9999139607021
151814,TARGET_ROAD,VAN,705.7599999996481,721.2199999996341,0.0,20.0,20.0,20.0,309.9999999999995,42.0
151815,TARGET_ROAD,SEDAN,708.1999999996459,723.6399999996319,0.0,20.0,20.0,20.0,309.5999999999995,42.0
151816,TARGET_ROAD,VAN,710.4599999996439,725.9199999996298,0.0,20.0,20.0,20.0,309.9999999999995,42.0
151817,MERGING_ROAD,SEDAN,709.8799999996444,727.7399999996281,2.5799999999839933,20.0,20.0,19.84374999999713,309.3240792030199,41.99992276863932
151818,TARGET_ROAD,SUV,714.5799999996401,730.0199999996261,0.0,20.0,20.0,20.0,309.5999999999995,42.0
151819,MERGING_ROAD,SUV,713.639999999641,731.5399999996247,2.5999999999839574,20.0,20.0,19.84374999999713,309.7577417823211,41.9999139607021
151820,TARGET_ROAD,SUV,718.6599999996364,734.0999999996224,0.0,20.0,20.0,20.0,309.5999999999995,42.0
151821,TARGET_ROAD,SUV,720.5199999996347,735.9599999996207,0.0,20.0,20.0,20.0,309.5999999999995,42.0
151822,TARGET_ROAD,SEDAN,722.7599999996327,738.1999999996186,0.0,20.0,20.0,20.0,309.5999999999995,42.0
151823,MERGING_ROAD,SUV,721.0199999996343,738.9799999996179,2.659999999983903,20.0,20.0,19.84374999999713,309.75774178240596,41.9999139607021
151824,TARGET_ROAD,SEDAN,724.9999999996306,740.4399999996166,0.0,20.0,20.0,20.0,309.5999999999995,42.0
151825,MERGING_ROAD,COUPE,723.8599999996317,741.7799999996154,2.679999999983938,20.0,20.0,19.843750000001457,308.390271823099,41.99993157030886
151826,TARGET_ROAD,SEDAN,728.5999999996274,744.0399999996133,0.0,20.0,20.0,20.0,309.5999999999995,42.0
151827,MERGING_ROAD,SEDAN,726.2199999996295,747.5599999996101,6.059999999980828,20.0,20.0,0.0,309.46507329172414,41.999940483772875
151828,TARGET_ROAD,COUPE,733.2199999996232,748.5999999996092,0.0,20.0,20.0,20.0,308.3999999999996,42.0
151829,TARGET_ROAD,VAN,735.3999999996212,750.8599999996071,0.0,20.0,20.0,20.0,309.9999999999995,42.0
151830,MERGING_ROAD,VAN,732.7399999996236,754.5599999996037,6.519999999980392,20.0,20.0,0.0,309.6868082721521,41.99994212997993
151831,MERGING_ROAD,SUV,735.619999999621,756.7399999996018,5.819999999981029,20.0,20.0,0.0,309.4007624164932,41.99992729157146
151832,TARGET_ROAD,SUV,740.9799999996161,757.3599999996012,0.9399999999853428,20.0,20.0,10.67459999999999,309.3938576083537,42.0
151833,MERGING_ROAD,COUPE,740.2999999996167,758.2999999996003,2.759999999983865,20.0,20.0,19.843750000001457,308.3902718230995,41.99993157030886
151834,MERGING_ROAD,VAN,743.3599999996139,761.4199999995975,2.759999999983812,20.0,20.0,19.843749999998316,309.6998610998152,41.99992986682932
151835,TARGET_ROAD,SEDAN,746.3199999996112,762.7599999995963,0.9999999999852882,20.0,20.0,9.145,309.57609999999875,42.0
151836,TARGET_ROAD,SEDAN,749.919999999608,765.3599999995939,0.0,20.0,20.0,20.0,309.5999999999995,42.0
151837,MERGING_ROAD,SEDAN,747.5999999996101,767.3199999995921,4.439999999982302,20.0,20.0,6.0249999999999995,309.3614024023079,41.99992698961251
151838,TARGET_ROAD,SUV,752.0199999996061,767.9399999995916,0.47999999998576115,20.0,20.0,14.268199999999977,309.59046885639543,42.0
151839,MERGING_ROAD,SUV,750.7999999996072,768.9199999995907,2.8199999999837573,20.0,20.0,19.84374999999713,309.7577417823211,41.9999139607021
151840,TARGET_ROAD,SUV,753.8199999996044,770.1199999995896,0.8599999999854155,20.0,20.0,9.156600000000001,309.5554448563955,42.0
151841,MERGING_ROAD,SUV,752.9999999996052,771.1399999995887,2.839999999983739,20.0,20.0,19.84374999999713,309.7577417823211,41.9999139607021
151842,TARGET_ROAD,SUV,757.519999999601,772.959999999587,0.0,20.0,20.0,20.0,309.5999999999995,42.0
151843,MERGING_ROAD,SEDAN,756.0599999996024,774.1999999995859,2.8599999999837387,20.0,20.0,19.84374999999713,309.32407920301966,41.99992276863932
151844,TARGET_ROAD,VAN,759.9599999995988,775.4199999995848,0.0,20.0,20.0,20.0,309.9999999999995,42.0
151845,MERGING_ROAD,COUPE,760.879999999598,778.9999999995815,2.879999999983756,20.0,20.0,19.843750000001457,308.3902718230996,41.99993157030886
151846,TARGET_ROAD,COUPE,765.8799999995935,781.2599999995795,0.0,20.0,20.0,20.0,308.3999999999996,42.0
151847,MERGING_ROAD,VAN,763.9599999995952,782.1599999995786,2.8999999999836845,20.0,20.0,19.843749999998316,309.69986109960973,41.999929866829234
151848,TARGET_ROAD,SEDAN,769.1599999995905,784.5999999995764,0.0,20.0,20.0,20.0,309.5999999999995,42.0
151849,TARGET_ROAD,COUPE,771.9599999995879,787.3399999995739,0.0,20.0,20.0,20.0,308.3999999999996,42.0
151850,TARGET_ROAD,COUPE,778.2399999995822,793.6199999995682,0.0,20.0,20.0,20.0,308.3999999999996,42.0
151851,TARGET_ROAD,VAN,780.9999999995797,796.4599999995656,0.0,20.0,20.0,20.0,309.9999999999995,42.0
151852,MERGING_ROAD,SUV,780.65999999958,798.9399999995634,2.9799999999836118,20.0,20.0,19.84374999999713,309.75774178232064,41.9999139607021
151853,TARGET_ROAD,VAN,787.7599999995736,803.2199999995595,0.0,20.0,20.0,20.0,309.9999999999995,42.0
151854,MERGING_ROAD,COUPE,787.5199999995738,805.7599999995572,2.999999999983647,20.0,20.0,19.843750000001457,308.3902718230995,41.99993157030886
151855,TARGET_ROAD,SUV,793.3399999995685,808.7799999995544,0.0,20.0,20.0,20.0,309.5999999999995,42.0
151856,MERGING_ROAD,SUV,791.0199999995706,809.5399999995537,3.2199999999833935,20.0,20.0,14.539999999999996,309.39732321826693,41.99991669135852
151857,TARGET_ROAD,VAN,796.7999999995653,812.2599999995513,0.0,20.0,20.0,20.0,309.9999999999995,42.0
151858,MERGING_ROAD,COUPE,795.8799999995662,814.1599999995495,3.0399999999836105,20.0,20.0,19.843750000001457,308.3902718230995,41.99993157030886
151859,TARGET_ROAD,SEDAN,799.7999999995626,815.2399999995486,0.0,20.0,20.0,20.0,309.5999999999995,42.0
151860,MERGING_ROAD,SEDAN,803.5999999995591,821.9399999995425,3.0599999999835568,20.0,20.0,19.84374999999713,309.3240792031826,41.99992276863932
151861,MERGING_ROAD,VAN,809.7399999995536,828.0999999995369,3.059999999983539,20.0,20.0,19.843749999998316,309.69986109981585,41.99992986682932
151862,TARGET_ROAD,SUV,815.0799999995487,830.5199999995347,0.0,20.0,20.0,20.0,309.5999999999995,42.0
151863,MERGING_ROAD,COUPE,812.579999999551,831.5199999995338,3.69999999998301,20.0,20.0,10.100000000000003,308.6474342219681,41.999918434973594
151864,MERGING_ROAD,SEDAN,816.919999999547,835.2799999995303,3.0799999999835386,20.0,20.0,19.84374999999713,309.3240792031823,41.99992276863932
151865,TARGET_ROAD,SEDAN,824.67999999954,840.1199999995259,0.0,20.0,20.0,20.0,309.5999999999995,42.0
151866,TARGET_ROAD,COUPE,826.5999999995382,841.9799999995242,0.0,20.0,20.0,20.0,308.3999999999996,42.0
151867,MERGING_ROAD,VAN,826.879999999538,845.2999999995212,3.1199999999834844,20.0,20.0,19.843749999998316,309.6998610998152,41.99992986682932
151868,MERGING_ROAD,SUV,829.7599999995354,848.1799999995186,3.1199999999834844,20.0,20.0,19.84374999999713,309.75774178232126,41.9999139607021
151869,TARGET_ROAD,SUV,836.5399999995292,851.9799999995151,0.0,20.0,20.0,20.0,309.5999999999995,42.0
151870,MERGING_ROAD,SEDAN,833.5199999995319,855.4999999995119,6.699999999980246,20.0,20.0,0.0,309.4701384420241,41.99993661832779
151871,MERGING_ROAD,COUPE,836.4599999995293,856.8199999995107,5.119999999981719,20.0,20.0,2.0000000000000013,308.3196826537263,41.99995148432229
151872,TARGET_ROAD,VAN,839.7999999995262,857.9399999995097,2.6799999999837425,20.0,20.0,4.032800000000011,309.80608540259607,42.0
151873,MERGING_ROAD,SUV,839.2199999995267,858.5599999995092,4.039999999982648,20.0,20.0,11.69839999999999,309.66091206315633,41.99992856217335
151874,TARGET_ROAD,VAN,844.2399999995222,859.6999999995081,0.0,20.0,20.0,20.0,309.9999999999995,42.0
151875,TARGET_ROAD,SEDAN,849.3799999995175,864.8199999995035,0.0,20.0,20.0,20.0,309.5999999999995,42.0
151876,TARGET_ROAD,SEDAN,851.4199999995157,866.8599999995016,0.0,20.0,20.0,20.0,309.5999999999995,42.0
151877,MERGING_ROAD,SEDAN,850.999999999516,869.4999999994992,3.2199999999834112,20.0,20.0,19.84374999999713,309.3240792030157,41.99992276863932
151878,TARGET_ROAD,COUPE,854.4199999995129,870.6599999994982,0.8599999999854688,20.0,20.0,8.300000000000002,308.63499999999897,42.0
151879,MERGING_ROAD,COUPE,853.1399999995141,871.6199999994973,3.2399999999834286,20.0,20.0,19.843750000001457,308.39027182309866,41.99993157030886
151880,TARGET_ROAD,SUV,857.9799999995097,873.4199999994956,0.0,20.0,20.0,20.0,309.5999999999995,42.0
151881,MERGING_ROAD,SUV,859.4999999995083,878.0599999994914,3.259999999983357,20.0,20.0,19.84374999999713,309.75774178231757,41.9999139607021
151882,TARGET_ROAD,COUPE,863.119999999505,878.6399999994909,0.13999999998612367,20.0,20.0,15.500000000000005,308.63499999999925,42.0
151883,TARGET_ROAD,VAN,865.1599999995032,880.6199999994891,0.0,20.0,20.0,20.0,309.9999999999995,42.0
151884,MERGING_ROAD,SEDAN,865.4399999995029,884.019999999486,3.2999999999833385,20.0,20.0,19.84374999999713,309.32407920301574,41.99992276863932
151885,MERGING_ROAD,SUV,868.3799999995002,886.9799999994833,3.2999999999833207,20.0,20.0,19.84374999999713,309.75774178232126,41.9999139607021
151886,MERGING_ROAD,SEDAN,870.9399999994979,889.519999999481,3.2999999999833385,20.0,20.0,19.84374999999713,309.3240792030157,41.99992276863932
151887,TARGET_ROAD,SEDAN,876.0199999994933,891.4599999994792,0.0,20.0,20.0,20.0,309.5999999999995,42.0
151888,MERGING_ROAD,COUPE,875.2999999994939,893.859999999477,3.319999999983356,20.0,20.0,19.843750000001457,308.3902718230995,41.99993157030886
151889,MERGING_ROAD,VAN,879.1799999994904,897.7999999994735,3.3199999999833025,20.0,20.0,19.843749999998316,309.69986109981517,41.99992986682932
151890,TARGET_ROAD,SEDAN,885.2199999994849,900.6599999994709,0.0,20.0,20.0,20.0,309.5999999999995,42.0
151891,MERGING_ROAD,SEDAN,883.4999999994865,902.1199999994695,3.339999999983302,20.0,20.0,19.84374999999713,309.32407920301995,41.99992276863932
151892,MERGING_ROAD,COUPE,888.0199999994824,906.5999999994655,3.3399999999833376,20.0,20.0,19.843750000001457,308.39027182309985,41.99993157030886
151893,MERGING_ROAD,SUV,889.6799999994809,908.3199999994639,3.3399999999832843,20.0,20.0,19.84374999999713,309.7577417823209,41.9999139607021
151894,TARGET_ROAD,SUV,894.7999999994762,910.2399999994622,0.0,20.0,20.0,20.0,309.5999999999995,42.0
151895,TARGET_ROAD,SUV,897.6999999994736,913.1399999994595,0.0,20.0,20.0,20.0,309.5999999999995,42.0
151896,MERGING_ROAD,VAN,894.8599999994761,914.5999999994582,4.439999999982284,20.0,20.0,9.261599999999996,309.9406507857109,41.99993565112105
151897,TARGET_ROAD,COUPE,900.6199999994709,915.9999999994569,0.0,20.0,20.0,20.0,308.3999999999996,42.0
151898,TARGET_ROAD,COUPE,902.4799999994692,917.8599999994552,0.0,20.0,20.0,20.0,308.3999999999996,42.0
151899,MERGING_ROAD,VAN,902.0199999994696,920.7399999994526,3.4199999999832116,20.0,20.0,19.843749999998316,309.6998610998184,41.99992986682932
151900,MERGING_ROAD,VAN,904.5999999994673,923.3199999994503,3.4199999999832116,20.0,20.0,19.843749999998316,309.6998610998184,41.99992986682932
151901,TARGET_ROAD,SUV,909.4799999994628,924.9199999994488,0.0,20.0,20.0,20.0,309.5999999999995,42.0
151902,MERGING_ROAD,SEDAN,906.5199999994655,926.879999999447,5.07999999998172,20.0,20.0,6.0249999999999995,309.3614024023079,41.99992698961251
151903,TARGET_ROAD,VAN,917.9799999994551,933.439999999441,0.0,20.0,20.0,20.0,309.9999999999995,42.0
151904,MERGING_ROAD,VAN,916.6399999994563,935.3999999994393,3.459999999983175,20.0,20.0,19.843749999998316,309.69986109982676,41.99992986682932
151905,TARGET_ROAD,VAN,921.2199999994522,936.6799999994381,0.0,20.0,20.0,20.0,309.9999999999995,42.0
151906,MERGING_ROAD,SEDAN,918.5199999994546,937.3599999994375,3.559999999983102,20.0,20.0,16.879999999999995,309.29257128205495,41.9999112916214
151907,TARGET_ROAD,VAN,925.3999999994484,940.8599999994343,0.0,20.0,20.0,20.0,309.9999999999995,42.0
151908,TARGET_ROAD,SEDAN,930.5399999994437,945.9799999994297,0.0,20.0,20.0,20.0,309.5999999999995,42.0
151909,TARGET_ROAD,SEDAN,933.3799999994411,948.8199999994271,0.0,20.0,20.0,20.0,309.5999999999995,42.0
151910,MERGING_ROAD,SUV,932.6199999994418,951.4599999994247,3.5399999999831024,20.0,20.0,19.84374999999713,309.75774178232064,41.9999139607021
151911,TARGET_ROAD,COUPE,940.139999999435,955.519999999421,0.0,20.0,20.0,20.0,308.3999999999996,42.0
151912,MERGING_ROAD,VAN,938.8199999994362,957.679999999419,3.5599999999830843,20.0,20.0,19.843749999998316,309.6998610998184,41.99992986682932
151913,TARGET_ROAD,VAN,944.1999999994313,959.6599999994172,0.0,20.0,20.0,20.0,309.9999999999995,42.0
151914,MERGING_ROAD,SUV,941.6999999994335,960.5799999994164,3.579999999983066,20.0,20.0,19.84374999999713,309.75774178232126,41.9999139607021
151915,TARGET_ROAD,SEDAN,945.9799999994297,961.4199999994156,0.0,20.0,20.0,20.0,309.5999999999995,42.0
151916,MERGING_ROAD,SEDAN,943.6799999994317,962.5599999994146,3.5999999999830656,20.0,20.0,19.84374999999713,309.3240792030199,41.99992276863932
151917,TARGET_ROAD,SUV,948.919999999427,964.3599999994129,0.0,20.0,20.0,20.0,309.5999999999995,42.0
151918,MERGING_ROAD,COUPE,947.4599999994283,966.3199999994112,3.619999999983083,20.0,20.0,19.843750000001457,308.3902718230995,41.99993157030886
151919,TARGET_ROAD,COUPE,954.5999999994218,969.9799999994078,0.0,20.0,20.0,20.0,308.3999999999996,42.0
151920,MERGING_ROAD,SEDAN,952.6999999994235,971.6199999994063,3.6399999999830293,20.0,20.0,19.84374999999713,309.32407920301586,41.99992276863932
151921,MERGING_ROAD,SEDAN,955.3799999994211,974.2999999994039,3.6399999999830293,20.0,20.0,19.84374999999713,309.3240792030157,41.99992276863932
151922,MERGING_ROAD,SUV,958.1999999994185,977.1399999994013,3.6399999999830115,20.0,20.0,19.84374999999713,309.75774178232126,41.9999139607021
151923,MERGING_ROAD,VAN,962.2799999994148,981.2199999993976,3.6399999999830115,20.0,20.0,19.843749999998316,309.69986109981517,41.99992986682932
151924,MERGING_ROAD,VAN,964.8999999994124,983.8399999993952,3.6399999999830115,20.0,20.0,19.843749999998316,309.6998610998184,41.99992986682932
151925,TARGET_ROAD,SUV,971.4999999994064,986.9399999993924,0.0,20.0,20.0,20.0,309.5999999999995,42.0
151926,MERGING_ROAD,COUPE,973.099999999405,991.9999999993878,3.6599999999830466,20.0,20.0,19.843750000001457,308.39027182309997,41.99993157030886
151927,TARGET_ROAD,VAN,979.0799999993995,994.5399999993855,0.0,20.0,20.0,20.0,309.9999999999995,42.0
151928,TARGET_ROAD,SEDAN,982.4199999993965,997.8599999993825,0.0,20.0,20.0,20.0,309.5999999999995,42.0
151929,MERGING_ROAD,SUV,980.6799999993981,999.6799999993808,3.699999999982957,20.0,20.0,19.84374999999713,309.7577417823209,41.9999139607021
151930,TARGET_ROAD,COUPE,986.1599999993931,1001.5399999993791,0.0,20.0,20.0,20.0,308.3999999999996,42.0
151931,MERGING_ROAD,SUV,984.099999999395,1003.1199999993777,3.7199999999829387,20.0,20.0,19.84374999999713,309.7577417823211,41.9999139607021
151932,TARGET_ROAD,SEDAN,989.8399999993898,1005.2799999993757,0.0,20.0,20.0,20.0,309.5999999999995,42.0
151933,MERGING_ROAD,SUV,987.399999999392,1006.4399999993747,3.7399999999829205,20.0,20.0,19.84374999999713,309.75774178232297,41.9999139607021
151934,TARGET_ROAD,SUV,995.6599999993845,1011.0999999993704,0.0,20.0,20.0,20.0,309.5999999999995,42.0
151935,TARGET_ROAD,VAN,997.7599999993826,1013.2199999993685,0.0,20.0,20.0,20.0,309.9999999999995,42.0
151936,MERGING_ROAD,SEDAN,996.7199999993835,1015.7799999993662,3.779999999982902,20.0,20.0,19.84374999999713,309.32407920301586,41.99992276863932


